00000000111010111000011111111111111111111111111100100010
00000001111010111000011111111111111111111110000000011110
00000010111010111000011100000111111111111111111100011110
00000011111010111000011111000000000000111111111100011000
00000100111010111000011111111111110000000000001100010111
00000101111010111000011111111111111111110000000000011100
00000110111010111000011100000000111111111111111100011100
00000111111010111000011100000000000000001111111100010101
00001000111010111000011111111111000000000000000000010011
00001001111010111000011111111111111111110000000000011100
00001010111010111000011100000000111111111111100000011001
00001011111010111000011100000000000000000001111100010010
00001100111010111000011111111000000000000000000000010001
00001101111010111000011100011111111100000000000000010110
00001110111010111000011100000000000011111111100000010110
00001111111010111000011100000000000000000001111100010011
00010000111010111000011111111100000000000000000000010001
00010001111010111000011100111111111110000000111000011010
00010010111010111000011101110000000111111111000000011000
00010011111010111000011100111111111111000000111100011101
00010100111010111000011111110000111111111111111100100000
00010101111010111000011100001111111100001111111100011101
00010110111010111000011111111111000011111111000000011101
00010111111010111000011111100111111001110000111100011110
00011000111010111000011111111000110111111111101100011111
00011001111010111000011100011111111110101110001100011101
00011010111010111000011111000111010111111111101000011110
00011011111010111000011111100011110001110101111100011110
00011100111010111000011111111011111111111111111100100100
00011101111010111000011111011111111111001111110000100001
00011110111010111000011100111111001111111111110000100000
00011111111010111000011111111100001111110011111100100001
00100000111010111000011111111111001111000011110000011011
00100001111010111000011111111111111111110011110000100000
00100010111010111000011100111100111111111111111100100000
00100011111010111000011111011111111110111111111100100011
00100100111010111000011111111111111001111110011100100000
00100101111010111000011111111111111111111111100000100010
00100110111010111000011100011111111111111111111100100010
00100111111010111000011111111000000111111111111100100000
00101000111010111000011111111111111111111111111100100100
00101001111010111000011111111111111111111111111100100101
00101010111010111000011111111111111111110000000000011101
